# Created by Octave 3.6.4, Tue Oct 21 10:09:59 2014 CEST <los@tosia>
# name: B
# type: matrix
# rows: 100
# columns: 2
 0 1
 0.0101010101010101 0.8994962184740788
 0.0202020202020202 0.8578661890962597
 0.0303030303030303 0.8259223440443022
 0.04040404040404041 0.7989924369481576
 0.05050505050505051 0.7752667125122527
 0.06060606060606061 0.7538170180413345
 0.07070707070707072 0.7340919882608448
 0.08080808080808081 0.7157323781925193
 0.09090909090909091 0.6984886554222364
 0.101010101010101 0.6821791369181358
 0.1111111111111111 0.6666666666666666
 0.1212121212121212 0.6518446880886043
 0.1313131313131313 0.6376284623302606
 0.1414141414141414 0.6239492834548225
 0.1515151515151515 0.6107505279192385
 0.1616161616161616 0.5979848738963152
 0.1717171717171717 0.5856122929946259
 0.1818181818181818 0.5735985672887791
 0.1919191919191919 0.5619141728848194
 0.202020202020202 0.5505334250245053
 0.2121212121212121 0.5394338135281618
 0.2222222222222222 0.5285954792089683
 0.2323232323232323 0.5180007963458525
 0.2424242424242424 0.507634036082669
 0.2525252525252525 0.497481092370394
 0.2626262626262627 0.4875292568094617
 0.2727272727272728 0.4777670321329065
 0.2828282828282829 0.4681839765216895
 0.2929292929292929 0.4587705727426742
 0.303030303030303 0.4495181174368197
 0.3131313131313131 0.4404186268903215
 0.3232323232323233 0.4314647563850388
 0.3333333333333334 0.4226497308103742
 0.3434343434343435 0.4139672846723116
 0.3535353535353536 0.4054116099894368
 0.3636363636363636 0.3969773108444727
 0.3737373737373738 0.3886593635808481
 0.3838383838383839 0.3804530818102766
 0.393939393939394 0.3723540855391522
 0.4040404040404041 0.3643582738362717
 0.4141414141414142 0.3564618005577181
 0.4242424242424243 0.3486610527210704
 0.4343434343434344 0.3409526311838925
 0.4444444444444445 0.3333333333333333
 0.4545454545454546 0.3258001375367579
 0.4646464646464647 0.3183501891392732
 0.4747474747474748 0.3109807878241168
 0.4848484848484849 0.3036893761772086
 0.494949494949495 0.2964735293185515
 0.5050505050505051 0.2893309454812986
 0.5151515151515152 0.2822594374347265
 0.5252525252525253 0.2752569246605213
 0.5353535353535354 0.2683214262030523
 0.5454545454545455 0.2614510541240036
 0.5555555555555556 0.2546440075000701
 0.5656565656565657 0.247898566909645
 0.5757575757575758 0.2412130893606719
 0.5858585858585859 0.2345860036172673
 0.595959595959596 0.2280158058874547
 0.6060606060606061 0.221501055838477
 0.6161616161616162 0.2150403729097806
 0.6262626262626263 0.2086324328969336
 0.6363636363636365 0.2022759647825343
 0.6464646464646465 0.1959697477926303
 0.6565656565656566 0.1897126086593371
 0.6666666666666667 0.183503419072274
 0.6767676767676768 0.1773410933031377
 0.686868686868687 0.1712245859892518
 0.696969696969697 0.1651528900632782
 0.7070707070707072 0.1591250348174782
 0.7171717171717172 0.1531400840919926
 0.7272727272727273 0.1471971345775582
 0.7373737373737375 0.1412953142239542
 0.7474747474747475 0.135433780746236
 0.7575757575757577 0.1296117202215108
 0.7676767676767677 0.1238283457696387
 0.7777777777777778 0.1180828963118031
 0.787878787878788 0.1123746354014055
 0.797979797979798 0.1067028501222015
 0.8080808080808082 0.1010668500490105
 0.8181818181818182 0.09546596626670911
 0.8282828282828284 0.08989955044356324
 0.8383838383838385 0.08436697395526493
 0.8484848484848485 0.07886762705632344
 0.8585858585858587 0.0734009180957178
 0.8686868686868687 0.06796627277395761
 0.8787878787878789 0.06256313343890785
 0.888888888888889 0.05719095841793664
 0.8989898989898991 0.05184922138412018
 0.9090909090909092 0.04653741075440765
 0.9191919191919192 0.04125502911779544
 0.9292929292929294 0.036001592691705
 0.9393939393939394 0.03077663080488025
 0.9494949494949496 0.02557968540524069
 0.9595959595959597 0.02041031059123555
 0.9696969696969697 0.0152680721653381
 0.9797979797979799 0.01015254720841963
 0.9898989898989899 0.005063323673817899
 1 0


