# Created by Octave 3.6.4, Tue Oct 21 10:12:08 2014 CEST <los@tosia>
# name: C
# type: matrix
# rows: 100
# columns: 2
 0 1
 0.0101010101010101 0.9998979695949393
 0.0202020202020202 0.9995918783797572
 0.0303030303030303 0.9990817263544536
 0.04040404040404041 0.9983675135190286
 0.05050505050505051 0.9974492398734823
 0.06060606060606061 0.9963269054178145
 0.07070707070707072 0.9950005101520253
 0.08080808080808081 0.9934700540761147
 0.09090909090909091 0.9917355371900827
 0.101010101010101 0.9897969594939292
 0.1111111111111111 0.9876543209876543
 0.1212121212121212 0.9853076216712581
 0.1313131313131313 0.9827568615447403
 0.1414141414141414 0.9800020406081013
 0.1515151515151515 0.9770431588613406
 0.1616161616161616 0.9738802163044588
 0.1717171717171717 0.9705132129374554
 0.1818181818181818 0.9669421487603306
 0.1919191919191919 0.9631670237730844
 0.202020202020202 0.9591878379757167
 0.2121212121212121 0.9550045913682277
 0.2222222222222222 0.9506172839506173
 0.2323232323232323 0.9460259157228854
 0.2424242424242424 0.9412304866850322
 0.2525252525252525 0.9362309968370575
 0.2626262626262627 0.9310274461789613
 0.2727272727272728 0.9256198347107438
 0.2828282828282829 0.9200081624324048
 0.2929292929292929 0.9141924293439445
 0.303030303030303 0.9081726354453628
 0.3131313131313131 0.9019487807366595
 0.3232323232323233 0.8955208652178349
 0.3333333333333334 0.8888888888888888
 0.3434343434343435 0.8820528517498214
 0.3535353535353536 0.8750127538006326
 0.3636363636363636 0.8677685950413223
 0.3737373737373738 0.8603203754718907
 0.3838383838383839 0.8526680950923375
 0.393939393939394 0.8448117539026629
 0.4040404040404041 0.836751351902867
 0.4141414141414142 0.8284868890929497
 0.4242424242424243 0.820018365472911
 0.4343434343434344 0.8113457810427507
 0.4444444444444445 0.8024691358024691
 0.4545454545454546 0.7933884297520661
 0.4646464646464647 0.7841036628915417
 0.4747474747474748 0.7746148352208958
 0.4848484848484849 0.7649219467401285
 0.494949494949495 0.7550249974492398
 0.5050505050505051 0.7449239873482297
 0.5151515151515152 0.7346189164370982
 0.5252525252525253 0.7241097847158453
 0.5353535353535354 0.7133965921844709
 0.5454545454545455 0.7024793388429751
 0.5555555555555556 0.691358024691358
 0.5656565656565657 0.6800326497296193
 0.5757575757575758 0.6685032139577594
 0.5858585858585859 0.6567697173757781
 0.595959595959596 0.644832159983675
 0.6060606060606061 0.6326905417814508
 0.6161616161616162 0.6203448627691051
 0.6262626262626263 0.6077951229466381
 0.6363636363636365 0.5950413223140494
 0.6464646464646465 0.5820834608713397
 0.6565656565656566 0.5689215386185082
 0.6666666666666667 0.5555555555555555
 0.6767676767676768 0.5419855116824813
 0.686868686868687 0.5282114069992856
 0.696969696969697 0.5142332415059687
 0.7070707070707072 0.5000510152025301
 0.7171717171717172 0.4856647280889704
 0.7272727272727273 0.4710743801652892
 0.7373737373737375 0.4562799714314865
 0.7474747474747475 0.4412815018875624
 0.7575757575757577 0.4260789715335168
 0.7676767676767677 0.4106723803693499
 0.7777777777777778 0.3950617283950617
 0.787878787878788 0.3792470156106519
 0.797979797979798 0.3632282420161208
 0.8080808080808082 0.347005407611468
 0.8181818181818182 0.3305785123966941
 0.8282828282828284 0.3139475563717986
 0.8383838383838385 0.2971125395367819
 0.8484848484848485 0.2800734618916436
 0.8585858585858587 0.2628303234363839
 0.8686868686868687 0.2453831241710028
 0.8787878787878789 0.2277318640955003
 0.888888888888889 0.2098765432098765
 0.8989898989898991 0.191817161514131
 0.9090909090909092 0.1735537190082643
 0.9191919191919192 0.1550862156922762
 0.9292929292929294 0.1364146515661665
 0.9393939393939394 0.1175390266299357
 0.9494949494949496 0.0984593408835831
 0.9595959595959597 0.0791755943271093
 0.9696969696969697 0.05968778696051413
 0.9797979797979799 0.03999591878379738
 0.9898989898989899 0.02009998979695937
 1 0


