# Created by Octave 3.6.4, Mon Oct 20 23:13:28 2014 CEST <los@tosia>
# name: A
# type: matrix
# rows: 100
# columns: 2
 0 1
 0.00436842105263158 0.9666541674414706
 0.008736842105263159 0.9520804337401152
 0.01310526315789474 0.9401386528240816
 0.01747368421052632 0.9293471408650247
 0.0218421052631579 0.9191851113470946
 0.02621052631578948 0.9094392228504264
 0.03057894736842106 0.9000349693589946
 0.03494736842105264 0.8909728951290781
 0.03931578947368421 0.8822980668248301
 0.0436842105263158 0.8740825973155514
 0.04805263157894737 0.8664140806256826
 0.05242105263157895 0.8593870306090111
 0.05678947368421054 0.8530960290779273
 0.06115789473684211 0.8476299800599021
 0.0655263157894737 0.8430671891552897
 0.06989473684210527 0.8394711463011262
 0.07426315789473685 0.83688697120136
 0.07863157894736843 0.835338521074326
 0.083 0.8348261783374803
 0.18222872 0.8348262003442467
 0.1862041715789474 0.8233428776614443
 0.1901796231578947 0.8108256271781973
 0.1941550747368421 0.7974105780840294
 0.1981305263157895 0.7832556056977724
 0.2021059778947369 0.7685380925764843
 0.2060814294736842 0.7534522683965637
 0.2100568810526316 0.7382061681687291
 0.2140323326315789 0.7230182561693759
 0.2180077842105263 0.7081137700518818
 0.2219832357894737 0.6937208458034433
 0.2259586873684211 0.6800664894108031
 0.2299341389473684 0.6673724651831907
 0.2339095905263158 0.6558511735629698
 0.2378850421052632 0.6457015928644383
 0.2418604936842105 0.6371053596714173
 0.2458359452631579 0.6302230615702518
 0.2498113968421053 0.6251908134958681
 0.2537868484210526 0.6221171852478909
 0.2577623 0.6210805427386545
 0.4093136 0.6210810432980737
 0.4116593105263158 0.6054782486561915
 0.4140050210526316 0.5901169639520851
 0.4163507315789474 0.5750805879628289
 0.4186964421052631 0.560451618323427
 0.421042152631579 0.5463111718926061
 0.4233878631578947 0.5327385081834725
 0.4257335736842106 0.519810558642011
 0.4280792842105263 0.5076014645476742
 0.4304249947368421 0.4961821262852876
 0.4327707052631579 0.485619766696289
 0.4351164157894737 0.4759775111599631
 0.4374621263157895 0.4673139869820696
 0.4398078368421053 0.4596829445794131
 0.4421535473684211 0.4531329028448048
 0.4444992578947369 0.4477068209580767
 0.4468449684210526 0.4434417987758499
 0.4491906789473684 0.4403688077863255
 0.4515363894736842 0.4385124544561979
 0.4538821 0.4378907776257092
 0.61839679 0.4378908163678142
 0.6201923115789474 0.4224562543251903
 0.6219878331578947 0.4075255975673101
 0.6237833547368421 0.3931480373719193
 0.6255788763157895 0.3793712564365875
 0.6273743978947369 0.3662412652264386
 0.6291699194736843 0.3538022428899206
 0.6309654410526316 0.3420963832890921
 0.632760962631579 0.33116374667692
 0.6345564842105264 0.3210421175382188
 0.6363520057894737 0.3117668690932626
 0.6381475273684211 0.3033708349437192
 0.6399430489473684 0.2958841883195334
 0.6417385705263158 0.2893343293627192
 0.6435340921052631 0.2837457808598078
 0.6453296136842106 0.2791400928090155
 0.647125135263158 0.2755357561810988
 0.6489206568421053 0.272948126204454
 0.6507161784210527 0.2713893554753882
 0.6525117 0.2708683371636994
 0.82333179 0.2708684222741865
 0.8248318463157894 0.2558212512076356
 0.826331902631579 0.2413683175611357
 0.8278319589473684 0.2275431926008967
 0.8293320152631579 0.2143781606431481
 0.8308320715789473 0.201904141808636
 0.8323321278947369 0.1901506175827012
 0.8338321842105263 0.1791455593591101
 0.8353322405263158 0.1689153601395609
 0.8368322968421052 0.1594847695543055
 0.8383323531578948 0.1508768323622891
 0.8398324094736842 0.1431128305819149
 0.8413324657894737 0.1362122293957845
 0.8428325221052632 0.1301926269647202
 0.8443325784210527 0.1250697082779565
 0.8458326347368421 0.1208572031576844
 0.8473326910526316 0.1175668485270991
 0.8488327473684211 0.115208355041824
 0.8503328036842106 0.1137893781750159
 0.85183286 0.1133154938366859


